date,open,high,low,close,volume
2022-06-10,3.58,3.72,3.55,3.7,29576377.0
2022-06-13,3.69,3.69,3.59,3.64,34953645.0
2022-06-14,3.62,3.64,3.54,3.64,29137420.0
2022-06-15,3.63,3.72,3.62,3.66,33808315.0
2022-06-16,3.64,3.73,3.64,3.7,25154160.0
2022-06-17,3.7,3.73,3.64,3.68,22300025.0
2022-06-20,3.69,3.78,3.68,3.78,33847525.0
2022-06-21,3.8,3.88,3.75,3.77,34832586.0
2022-06-22,3.76,3.85,3.76,3.79,34100285.0
2022-06-23,3.8,3.83,3.76,3.79,21506944.0
2022-06-24,3.8,3.8,3.71,3.74,24424233.0
2022-06-27,3.69,3.76,3.66,3.67,32364361.0
2022-06-28,3.72,3.73,3.65,3.7,24208425.0
2022-06-29,3.68,3.69,3.63,3.63,24852192.0
2022-06-30,3.62,3.69,3.62,3.64,18006325.0
2022-07-01,3.63,3.63,3.57,3.58,20061850.0
2022-07-04,3.57,3.65,3.55,3.64,20331621.0
2022-07-05,3.65,3.66,3.58,3.62,16571007.0
2022-07-06,3.6,3.6,3.5,3.53,22393821.0
2022-07-07,3.5,3.6,3.5,3.54,18212950.0
2022-07-08,3.52,3.6,3.51,3.57,19467239.0
2022-07-11,3.58,3.88,3.56,3.81,94371158.0
2022-07-12,3.77,3.8,3.71,3.74,41364514.0
2022-07-13,3.73,3.75,3.64,3.67,34738462.0
2022-07-14,3.7,3.77,3.66,3.68,28070729.0
2022-07-15,3.68,3.68,3.57,3.57,26281338.0
2022-07-18,3.56,3.62,3.55,3.61,23660359.0
2022-07-19,3.62,3.65,3.58,3.62,18148653.0
2022-07-20,3.62,3.67,3.61,3.64,19406446.0
2022-07-21,3.64,3.64,3.56,3.6,15831864.0
2022-07-22,3.6,3.62,3.55,3.58,17337300.0
2022-07-25,3.58,3.61,3.54,3.57,20137350.0
2022-07-26,3.57,3.58,3.53,3.57,14577300.0
2022-07-27,3.57,3.59,3.54,3.57,15609722.0
2022-07-28,3.59,3.6,3.56,3.57,15430600.0
2022-07-29,3.57,3.58,3.52,3.53,16812922.0
2022-08-01,3.53,3.54,3.45,3.46,22512823.0
2022-08-02,3.44,3.44,3.24,3.3,31136187.0
2022-08-03,3.28,3.35,3.27,3.27,18343689.0
2022-08-04,3.28,3.31,3.23,3.28,14291646.0
2022-08-05,3.29,3.36,3.27,3.35,15549600.0
2022-08-08,3.35,3.45,3.34,3.4,14191740.0
2022-08-09,3.4,3.43,3.36,3.39,12398706.0
2022-08-10,3.37,3.41,3.37,3.4,11837440.0
2022-08-11,3.4,3.45,3.39,3.45,14719546.0
2022-08-12,3.45,3.47,3.42,3.46,12528240.0
2022-08-15,3.45,3.49,3.41,3.48,16509606.0
2022-08-16,3.48,3.51,3.46,3.48,10421003.0
2022-08-17,3.48,3.5,3.44,3.47,9593192.0
2022-08-18,3.47,3.47,3.4,3.42,12689338.0
2022-08-19,3.42,3.46,3.4,3.42,8317385.0
2022-08-22,3.42,3.43,3.37,3.39,9566849.0
2022-08-23,3.39,3.41,3.37,3.41,8877290.0
2022-08-24,3.4,3.41,3.3,3.31,17177943.0
2022-08-25,3.31,3.34,3.28,3.33,11863659.0
2022-08-26,3.35,3.35,3.3,3.32,9032974.0
2022-08-29,3.29,3.4,3.25,3.4,14222322.0
2022-08-30,3.41,3.58,3.39,3.49,38497120.0
2022-08-31,3.48,3.56,3.45,3.48,24913318.0
2022-09-01,3.47,3.5,3.43,3.45,13963410.0
2022-09-02,3.46,3.52,3.45,3.51,13530960.0
2022-09-05,3.49,3.54,3.47,3.49,12392798.0
2022-09-06,3.48,3.5,3.45,3.49,11241176.0
2022-09-07,3.5,3.5,3.41,3.44,15337553.0
2022-09-08,3.44,3.44,3.39,3.4,10724152.0
2022-09-09,3.39,3.43,3.38,3.42,8429400.0
2022-09-13,3.42,3.44,3.39,3.4,10615796.0
2022-09-14,3.37,3.43,3.32,3.42,12633844.0
2022-09-15,3.45,3.45,3.35,3.36,13831100.0
2022-09-16,3.36,3.37,3.23,3.23,20026119.0
2022-09-19,3.26,3.26,3.15,3.18,14906891.0
2022-09-20,3.2,3.23,3.18,3.2,8452019.0
2022-09-21,3.21,3.23,3.15,3.22,9517453.0
2022-09-22,3.2,3.22,3.17,3.17,9151753.0
2022-09-23,3.17,3.19,3.13,3.14,10948442.0
2022-09-26,3.15,3.16,3.08,3.09,12273218.0
2022-09-27,3.09,3.22,3.08,3.21,16652471.0
2022-09-28,3.2,3.26,3.17,3.18,17413718.0
2022-09-29,3.2,3.25,3.13,3.16,11664703.0
2022-09-30,3.15,3.25,3.15,3.23,13236480.0
2022-10-10,3.29,3.33,3.21,3.25,17475894.0
2022-10-11,3.21,3.26,3.15,3.21,12544176.0
2022-10-12,3.22,3.24,3.13,3.23,9834089.0
2022-10-13,3.22,3.3,3.19,3.3,16488867.0
2022-10-14,3.29,3.39,3.28,3.36,21683611.0
2022-10-17,3.36,3.45,3.35,3.42,26250300.0
2022-10-18,3.41,3.49,3.4,3.46,27382857.0
2022-10-19,3.45,3.46,3.39,3.39,18029115.0
2022-10-20,3.39,3.45,3.37,3.4,15578777.0
2022-10-21,3.41,3.43,3.38,3.39,9578755.0
2022-10-24,3.42,3.43,3.27,3.29,18924605.0
2022-10-25,3.29,3.33,3.2,3.22,15800612.0
2022-10-26,3.23,3.37,3.23,3.36,19806461.0
2022-10-27,3.37,3.41,3.31,3.4,16372412.0
2022-10-28,3.4,3.4,3.24,3.25,17959644.0
2022-10-31,3.24,3.32,3.22,3.29,14950492.0
2022-11-01,3.31,3.35,3.26,3.33,15024701.0
2022-11-02,3.33,3.44,3.29,3.38,25108627.0
2022-11-03,3.34,3.38,3.32,3.34,16836807.0
2022-11-04,3.35,3.39,3.33,3.37,15330864.0
2022-11-07,3.38,3.39,3.33,3.36,15771550.0
2022-11-08,3.36,3.4,3.31,3.4,16670109.0
2022-11-09,3.41,3.47,3.37,3.45,23513818.0
2022-11-10,3.45,3.48,3.43,3.44,21809473.0
2022-11-11,3.48,3.53,3.41,3.42,37738501.0
2022-11-14,3.41,3.56,3.35,3.52,43388254.0
2022-11-15,3.53,3.55,3.45,3.5,31668680.0
2022-11-16,3.51,3.55,3.47,3.48,25637351.0
2022-11-17,3.49,3.56,3.45,3.55,41321814.0
2022-11-18,3.56,3.67,3.54,3.6,54067134.0
2022-11-21,3.57,3.62,3.51,3.59,33934080.0
2022-11-22,3.58,3.65,3.47,3.5,33261648.0
2022-11-23,3.49,3.51,3.38,3.41,29474350.0
2022-11-24,3.44,3.48,3.4,3.47,20881846.0
2022-11-25,3.47,3.5,3.4,3.48,19805728.0
2022-11-28,3.48,3.58,3.45,3.5,28775344.0
2022-11-29,3.47,3.58,3.47,3.55,29644836.0
2022-11-30,3.57,3.58,3.5,3.52,23926969.0
2022-12-01,3.57,3.6,3.47,3.5,31590535.0
2022-12-02,3.49,3.68,3.48,3.63,61599561.0
2022-12-05,3.72,3.74,3.6,3.67,62732550.0
2022-12-06,3.68,3.69,3.57,3.59,35246014.0
2022-12-07,3.59,3.7,3.54,3.7,53623680.0
2022-12-08,3.69,3.71,3.62,3.66,36559469.0
2022-12-09,3.67,3.74,3.64,3.7,48428557.0
2022-12-12,3.73,3.82,3.71,3.8,71998726.0
2022-12-13,3.78,3.82,3.72,3.81,54148471.0
2022-12-14,3.81,3.83,3.67,3.68,43216096.0
2022-12-15,3.67,3.76,3.66,3.71,26481328.0
2022-12-16,3.69,3.8,3.67,3.79,40359447.0
2022-12-19,3.76,3.78,3.56,3.58,44909383.0
2022-12-20,3.58,3.6,3.5,3.51,25938991.0
2022-12-21,3.51,3.55,3.43,3.47,23778741.0
2022-12-22,3.47,3.49,3.35,3.37,23838550.0
2022-12-23,3.36,3.4,3.35,3.37,17940618.0
2022-12-26,3.36,3.38,3.34,3.36,21009735.0
2022-12-27,3.37,3.38,3.29,3.31,20151663.0
2022-12-28,3.3,3.32,3.26,3.27,17346266.0
2022-12-29,3.27,3.4,3.26,3.34,31740511.0
2022-12-30,3.35,3.36,3.3,3.32,16579861.0
2023-01-03,3.34,3.4,3.33,3.39,23479681.0
2023-01-04,3.38,3.4,3.36,3.37,17822927.0
2023-01-05,3.37,3.38,3.33,3.36,18528367.0
2023-01-06,3.34,3.35,3.29,3.3,20896902.0
2023-01-09,3.31,3.32,3.29,3.3,13994454.0
2023-01-10,3.3,3.31,3.26,3.28,11999450.0
2023-01-11,3.28,3.32,3.27,3.28,12101056.0
2023-01-12,3.29,3.3,3.23,3.25,15776619.0
2023-01-13,3.25,3.29,3.23,3.29,9828450.0
2023-01-16,3.29,3.32,3.27,3.29,14548350.0
2023-01-17,3.31,3.31,3.27,3.28,9321172.0
2023-01-18,3.28,3.3,3.27,3.29,7764850.0
2023-01-19,3.29,3.32,3.27,3.32,9622647.0
2023-01-20,3.31,3.36,3.31,3.35,13349047.0
2023-01-30,3.37,3.39,3.36,3.38,20862625.0
2023-01-31,3.34,3.38,3.27,3.37,29853722.0
2023-02-01,3.36,3.4,3.34,3.4,24168252.0
2023-02-02,3.4,3.42,3.38,3.38,18151024.0
2023-02-03,3.4,3.4,3.34,3.37,13531150.0
2023-02-06,3.37,3.38,3.35,3.35,8637577.0
2023-02-07,3.35,3.37,3.34,3.36,9315021.0
2023-02-08,3.36,3.37,3.34,3.36,9922381.0
2023-02-09,3.35,3.37,3.34,3.36,11683696.0
2023-02-10,3.36,3.38,3.35,3.38,13858803.0
2023-02-13,3.37,3.4,3.36,3.4,15474668.0
2023-02-14,3.42,3.44,3.39,3.43,23483303.0
2023-02-15,3.45,3.57,3.43,3.55,51824176.0
2023-02-16,3.58,3.59,3.44,3.46,33915327.0
2023-02-17,3.46,3.53,3.44,3.5,23432924.0
2023-02-20,3.51,3.52,3.44,3.49,18920975.0
2023-02-21,3.49,3.53,3.47,3.5,14825184.0
2023-02-22,3.51,3.51,3.47,3.49,11707408.0
2023-02-23,3.49,3.5,3.45,3.48,10839400.0
2023-02-24,3.47,3.48,3.45,3.46,8588944.0
2023-02-27,3.47,3.49,3.43,3.43,9202902.0
2023-02-28,3.43,3.5,3.43,3.49,19876339.0
2023-03-01,3.5,3.5,3.46,3.49,11646648.0
2023-03-02,3.49,3.49,3.45,3.47,10956700.0
2023-03-03,3.48,3.49,3.45,3.48,13948448.0
2023-03-06,3.48,3.49,3.45,3.46,11604097.0
2023-03-07,3.45,3.46,3.37,3.38,16825800.0
2023-03-08,3.38,3.4,3.36,3.39,8203405.0
2023-03-09,3.4,3.45,3.39,3.42,9680662.0
2023-03-10,3.4,3.44,3.37,3.42,14055565.0
2023-03-13,3.39,3.4,3.36,3.37,9553350.0
2023-03-14,3.38,3.39,3.31,3.33,9776202.0
2023-03-15,3.34,3.43,3.33,3.43,18438979.0
2023-03-16,3.41,3.43,3.38,3.38,8429300.0
2023-03-17,3.39,3.42,3.37,3.37,8608570.0
2023-03-20,3.37,3.38,3.33,3.34,11811718.0
2023-03-21,3.34,3.36,3.33,3.35,6741486.0
2023-03-22,3.37,3.38,3.35,3.37,7012000.0
2023-03-23,3.37,3.39,3.35,3.37,8981093.0
2023-03-24,3.39,3.42,3.36,3.37,9831422.0
2023-03-27,3.36,3.37,3.33,3.35,8867375.0
2023-03-28,3.35,3.42,3.32,3.37,17366512.0
2023-03-29,3.39,3.39,3.32,3.33,11846450.0
2023-03-30,3.34,3.34,3.28,3.29,12194217.0
2023-03-31,3.3,3.39,3.28,3.39,17059053.0
2023-04-03,3.38,3.42,3.35,3.37,11639710.0
2023-04-04,3.38,3.4,3.35,3.4,12224825.0
2023-04-06,3.39,3.39,3.35,3.36,8927985.0
2023-04-07,3.36,3.37,3.31,3.35,14718946.0
2023-04-10,3.34,3.37,3.31,3.31,13541844.0
2023-04-11,3.33,3.36,3.3,3.35,13699118.0
2023-04-12,3.35,3.39,3.35,3.37,12286876.0
2023-04-13,3.37,3.41,3.35,3.41,20339796.0
2023-04-14,3.42,3.42,3.36,3.37,11304525.0
2023-04-17,3.37,3.38,3.34,3.38,9055552.0
2023-04-18,3.37,3.38,3.34,3.34,8469700.0
2023-04-19,3.35,3.35,3.32,3.33,9136350.0
2023-04-20,3.32,3.33,3.29,3.3,12225850.0
2023-04-21,3.3,3.33,3.27,3.27,11431100.0
2023-04-24,3.28,3.33,3.24,3.29,10548802.0
2023-04-25,3.3,3.3,3.19,3.22,16331321.0
2023-04-26,3.21,3.26,3.19,3.24,9670751.0
2023-04-27,3.24,3.32,3.22,3.32,14726449.0
2023-04-28,3.32,3.4,3.27,3.39,20428275.0
2023-05-04,3.37,3.51,3.36,3.49,39541375.0
2023-05-05,3.48,3.5,3.44,3.47,18550677.0
2023-05-08,3.46,3.48,3.44,3.46,14614156.0
2023-05-09,3.47,3.49,3.42,3.42,16391654.0
2023-05-10,3.42,3.43,3.34,3.35,16204202.0
2023-05-11,3.36,3.37,3.33,3.36,9904250.0
2023-05-12,3.36,3.41,3.33,3.38,12169928.0
2023-05-15,3.38,3.4,3.32,3.36,11774824.0
2023-05-16,3.35,3.37,3.32,3.33,8323446.0
2023-05-17,3.32,3.37,3.3,3.36,11476330.0
2023-05-18,3.35,3.39,3.33,3.35,11270739.0
2023-05-19,3.34,3.36,3.3,3.34,7791279.0
2023-05-22,3.34,3.37,3.31,3.32,10245308.0
2023-05-23,3.34,3.36,3.31,3.31,10664990.0
2023-05-24,3.31,3.37,3.25,3.3,21365589.0
2023-05-25,3.29,3.33,3.27,3.32,14700453.0
2023-05-26,3.3,3.37,3.29,3.37,17465494.0
2023-05-29,3.36,3.45,3.35,3.39,28275818.0
2023-05-30,3.41,3.41,3.32,3.36,13219029.0
2023-05-31,3.37,3.4,3.35,3.35,15222396.0
2023-06-01,3.35,3.37,3.32,3.33,14400563.0
2023-06-02,3.33,3.34,3.31,3.34,14895900.0
2023-06-05,3.33,3.35,3.32,3.33,9038255.0
2023-06-06,3.35,3.35,3.28,3.28,14022750.0
2023-06-07,3.28,3.31,3.27,3.28,9377441.0
2023-06-08,3.28,3.29,3.25,3.26,10077628.0
2023-06-09,3.26,3.28,3.25,3.27,7530438.0
2023-06-12,3.27,3.28,3.23,3.25,12118900.0
2023-06-13,3.24,3.26,3.22,3.24,9017440.0
2023-06-14,3.25,3.28,3.24,3.27,9344383.0
2023-06-15,3.27,3.28,3.23,3.25,7649783.0
2023-06-16,3.25,3.27,3.23,3.25,11956610.0
2023-06-19,3.25,3.25,3.21,3.22,10476500.0
2023-06-20,3.22,3.23,3.2,3.2,7799956.0
2023-06-21,3.21,3.22,3.19,3.19,7601903.0
2023-06-26,3.19,3.2,3.12,3.13,11922171.0
2023-06-27,3.15,3.18,3.14,3.17,6786064.0
2023-06-28,3.17,3.17,3.12,3.16,5604631.0
2023-06-29,3.16,3.21,3.16,3.18,6823132.0
2023-06-30,3.2,3.23,3.18,3.22,5704500.0
2023-07-03,3.22,3.23,3.19,3.22,10116660.0
2023-07-04,3.22,3.22,3.17,3.18,9819958.0
2023-07-05,3.18,3.19,3.16,3.18,6810982.0
2023-07-06,3.17,3.18,3.15,3.16,5873733.0
2023-07-07,3.14,3.17,3.13,3.16,5988532.0
2023-07-10,3.16,3.18,3.15,3.16,8006550.0
2023-07-11,3.15,3.17,3.14,3.17,5990202.0
2023-07-12,3.15,3.17,3.1,3.11,13644900.0
2023-07-13,3.11,3.13,3.1,3.12,11790132.0
2023-07-14,3.11,3.13,3.1,3.12,6680675.0
2023-07-17,3.11,3.12,3.08,3.1,8346516.0
2023-07-18,3.1,3.14,3.08,3.11,7719828.0
2023-07-19,3.11,3.12,3.09,3.11,4675156.0
2023-07-20,3.11,3.13,3.1,3.1,7600772.0
2023-07-21,3.1,3.14,3.09,3.14,8702902.0
2023-07-24,3.13,3.16,3.11,3.15,6887552.0
2023-07-25,3.16,3.18,3.14,3.18,11774176.0
2023-07-26,3.18,3.2,3.17,3.19,9064400.0
2023-07-27,3.19,3.19,3.16,3.18,9738847.0
2023-07-28,3.17,3.21,3.16,3.21,11955788.0
2023-07-31,3.23,3.24,3.2,3.21,11620079.0
2023-08-01,3.21,3.23,3.21,3.22,14153412.0
2023-08-02,3.22,3.23,3.19,3.2,12243555.0
2023-08-03,3.2,3.25,3.19,3.25,18056560.0
2023-08-04,3.26,3.27,3.22,3.23,14697971.0
2023-08-07,3.23,3.23,3.17,3.19,11037550.0
2023-08-08,3.19,3.23,3.15,3.21,13214786.0
2023-08-09,3.21,3.31,3.18,3.24,32829105.0
2023-08-10,3.24,3.24,3.19,3.21,20454196.0
2023-08-11,3.21,3.25,3.21,3.22,21986985.0
2023-08-14,3.21,3.25,3.17,3.25,21485758.0
2023-08-15,3.25,3.31,3.22,3.28,37081272.0
2023-08-16,3.26,3.31,3.25,3.26,23330325.0
2023-08-17,3.24,3.28,3.21,3.25,16953400.0
2023-08-18,3.23,3.24,3.15,3.15,21083310.0
2023-08-21,3.16,3.16,3.11,3.12,12082400.0
2023-08-22,3.11,3.13,3.05,3.09,17455041.0
2023-08-23,3.09,3.11,3.06,3.07,10863025.0
2023-08-24,3.07,3.08,3.0,3.01,20480637.0
2023-08-25,3.0,3.05,2.97,3.0,15297162.0
2023-08-28,3.1,3.13,3.05,3.06,23116968.0
2023-08-29,3.07,3.08,3.03,3.04,21771250.0
2023-08-30,3.04,3.05,3.0,3.0,14532506.0
2023-08-31,3.0,3.04,2.99,3.03,12347434.0
2023-09-01,3.03,3.04,3.02,3.03,7211633.0
2023-09-04,3.03,3.07,3.02,3.06,10697733.0
2023-09-05,3.06,3.06,3.03,3.05,7675503.0
2023-09-06,3.05,3.06,3.03,3.05,7947950.0
2023-09-07,3.04,3.04,3.0,3.01,7975993.0
2023-09-08,3.0,3.01,2.99,3.01,4546500.0
2023-09-11,3.01,3.05,2.99,3.05,11596626.0
2023-09-12,3.05,3.1,3.03,3.08,17039323.0
2023-09-13,3.07,3.08,3.02,3.04,8308000.0
2023-09-14,3.03,3.05,3.02,3.04,6922850.0
2023-09-15,3.05,3.09,3.03,3.08,14742519.0
2023-09-18,3.08,3.11,3.04,3.06,12764403.0
2023-09-19,3.06,3.09,3.06,3.07,9962850.0
2023-09-20,3.06,3.08,3.05,3.06,7112114.0
2023-09-21,3.05,3.06,3.02,3.04,8873600.0
2023-09-22,3.02,3.06,3.01,3.05,11481050.0
2023-09-25,3.04,3.08,3.03,3.07,14940862.0
2023-09-26,3.05,3.07,3.03,3.03,7223462.0
2023-09-27,3.05,3.06,3.03,3.06,8604620.0
2023-09-28,3.05,3.07,3.04,3.05,8398020.0
2023-10-09,3.05,3.06,3.02,3.06,10251850.0
2023-10-10,3.05,3.06,3.0,3.0,14489597.0
2023-10-11,3.0,3.06,3.0,3.02,12725070.0
2023-10-12,3.03,3.09,3.02,3.07,19771033.0
2023-10-13,3.05,3.1,3.04,3.09,20090341.0
2023-10-16,3.1,3.12,3.06,3.08,13667603.0
2023-10-17,3.08,3.08,3.03,3.06,10723000.0
2023-10-18,3.04,3.06,3.0,3.01,14180602.0
2023-10-19,3.02,3.02,2.94,2.95,17348598.0
2023-10-20,2.95,2.96,2.9,2.92,12770503.0
2023-10-23,2.92,2.92,2.84,2.85,14415769.0
2023-10-24,2.86,2.91,2.84,2.9,8330506.0
2023-10-25,2.91,2.95,2.9,2.93,9954400.0
2023-10-26,2.91,2.96,2.91,2.96,7482550.0
2023-10-27,2.94,3.02,2.93,3.01,13429550.0
2023-10-30,3.01,3.08,2.99,3.07,19827476.0
2023-10-31,3.08,3.1,3.06,3.08,16745137.0
2023-11-01,3.1,3.11,3.07,3.11,14337705.0
2023-11-02,3.1,3.11,3.06,3.09,12438015.0
2023-11-03,3.06,3.1,3.05,3.06,12135011.0
2023-11-06,3.06,3.11,3.06,3.08,12884300.0
2023-11-07,3.09,3.1,3.05,3.07,12458075.0
2023-11-08,3.06,3.12,3.06,3.08,14186874.0
2023-11-09,3.08,3.13,3.06,3.07,16452585.0
2023-11-10,3.07,3.11,3.04,3.09,13072771.0
2023-11-13,3.09,3.1,3.05,3.08,11817453.0
2023-11-14,3.06,3.09,3.06,3.08,8930588.0
2023-11-15,3.09,3.11,3.07,3.09,10501125.0
2023-11-16,3.09,3.1,3.06,3.06,8765600.0
2023-11-17,3.07,3.1,3.05,3.1,12249105.0
2023-11-20,3.09,3.15,3.08,3.12,18356858.0
2023-11-21,3.14,3.15,3.11,3.13,15247812.0
2023-11-22,3.14,3.17,3.11,3.15,17512476.0
2023-11-23,3.14,3.2,3.14,3.2,20346791.0
2023-11-24,3.2,3.28,3.19,3.25,46196302.0
2023-11-27,3.27,3.28,3.15,3.17,36649550.0
2023-11-28,3.15,3.2,3.11,3.18,20017050.0
2023-11-29,3.18,3.18,3.11,3.12,13068200.0
2023-11-30,3.12,3.17,3.12,3.16,18215344.0
2023-12-01,3.16,3.19,3.15,3.17,14427700.0
2023-12-04,3.16,3.19,3.13,3.17,13678850.0
2023-12-05,3.16,3.18,3.13,3.14,13459527.0
2023-12-06,3.13,3.18,3.08,3.15,17609252.0
2023-12-07,3.15,3.16,3.1,3.11,12832673.0
2023-12-08,3.12,3.12,3.07,3.07,16372900.0
2023-12-11,3.07,3.11,3.05,3.11,15183052.0
2023-12-12,3.11,3.11,3.08,3.1,8672250.0
2023-12-13,3.1,3.18,3.08,3.14,18318000.0
2023-12-14,3.15,3.16,3.12,3.13,12369776.0
2023-12-15,3.13,3.14,3.04,3.04,19891161.0
2023-12-18,3.06,3.09,3.02,3.03,12754517.0
2023-12-19,3.04,3.04,2.98,3.0,13074275.0
2023-12-20,3.0,3.01,2.96,2.96,10542225.0
2023-12-21,2.96,3.01,2.91,2.99,18649012.0
2023-12-22,3.0,3.0,2.93,2.95,13972699.0
2023-12-25,2.93,3.25,2.93,3.25,59451673.0
2023-12-26,3.25,3.32,3.2,3.21,92804463.0
2023-12-27,3.21,3.24,3.08,3.14,51150066.0
2023-12-28,3.14,3.16,3.05,3.12,43926189.0
2023-12-29,3.11,3.2,3.08,3.14,36061998.0
2024-01-02,3.15,3.19,3.12,3.16,23713792.0
2024-01-03,3.14,3.2,3.12,3.19,29311381.0
2024-01-04,3.21,3.51,3.21,3.51,111956538.0
2024-01-05,3.46,3.47,3.27,3.29,124160301.0
2024-01-08,3.28,3.35,3.23,3.28,63757069.0
2024-01-09,3.27,3.3,3.19,3.23,45121963.0
2024-01-10,3.21,3.24,3.17,3.22,27794624.0
2024-01-11,3.2,3.28,3.18,3.28,40233086.0
2024-01-12,3.3,3.4,3.21,3.22,51226037.0
2024-01-15,3.25,3.29,3.17,3.18,35351939.0
2024-01-16,3.17,3.17,3.05,3.1,44262178.0
2024-01-17,3.09,3.11,3.02,3.03,20392196.0
2024-01-18,3.03,3.04,2.91,3.0,29876879.0
2024-01-19,2.99,3.02,2.96,2.98,13698100.0
2024-01-22,2.99,3.0,2.77,2.82,26475525.0
2024-01-23,2.82,2.86,2.76,2.85,16172443.0
2024-01-24,2.86,2.9,2.79,2.9,16904893.0
2024-01-25,2.87,2.98,2.87,2.96,19222393.0
2024-01-26,2.96,3.01,2.94,2.95,17925757.0
2024-01-29,2.96,2.98,2.88,2.89,15799300.0
2024-01-30,2.88,2.89,2.81,2.81,11816950.0
2024-01-31,2.73,2.73,2.53,2.53,47110828.0
2024-02-01,2.48,2.54,2.4,2.47,18959905.0
2024-02-02,2.47,2.52,2.24,2.35,26969500.0
2024-02-05,2.34,2.34,2.12,2.14,31644179.0
2024-02-06,2.06,2.32,2.01,2.27,24581943.0
2024-02-07,2.26,2.36,2.21,2.24,25483248.0
2024-02-08,2.24,2.39,2.18,2.37,31298338.0
2024-02-19,2.4,2.47,2.37,2.44,24093098.0
2024-02-20,2.42,2.49,2.39,2.47,16700942.0
2024-02-21,2.45,2.54,2.43,2.49,19586920.0
2024-02-22,2.52,2.53,2.45,2.51,14321092.0
2024-02-23,2.5,2.56,2.48,2.55,16015184.0
2024-02-26,2.57,2.64,2.53,2.59,21096249.0
2024-02-27,2.58,2.63,2.56,2.63,13720524.0
2024-02-28,2.68,2.73,2.5,2.51,38219600.0
2024-02-29,2.47,2.56,2.46,2.56,24116814.0
2024-03-01,2.54,2.58,2.5,2.53,20872728.0
2024-03-04,2.55,2.56,2.49,2.53,18144289.0
2024-03-05,2.51,2.52,2.45,2.47,16605852.0
2024-03-06,2.45,2.49,2.42,2.46,13752050.0
2024-03-07,2.47,2.49,2.41,2.43,14949614.0
2024-03-08,2.43,2.45,2.38,2.43,13624497.0
2024-03-11,2.41,2.48,2.41,2.47,17035052.0
2024-03-12,2.47,2.54,2.46,2.54,25438114.0
2024-03-13,2.53,2.54,2.47,2.5,20168767.0
2024-03-14,2.54,2.58,2.47,2.49,19187108.0
2024-03-15,2.49,2.54,2.46,2.53,22871509.0
2024-03-18,2.54,2.59,2.51,2.59,26875105.0
2024-03-19,2.58,2.61,2.55,2.56,22078600.0
2024-03-20,2.56,2.61,2.54,2.6,21903777.0
2024-03-21,2.6,2.62,2.55,2.6,17372852.0
2024-03-22,2.57,2.59,2.5,2.54,19050249.0
2024-03-25,2.52,2.55,2.44,2.45,18275992.0
2024-03-26,2.43,2.45,2.39,2.43,16840095.0
2024-03-27,2.44,2.47,2.38,2.39,16416153.0
2024-03-28,2.39,2.45,2.37,2.42,11825267.0
2024-03-29,2.4,2.43,2.4,2.43,12412950.0
2024-04-01,2.43,2.5,2.43,2.5,15378303.0
2024-04-02,2.51,2.52,2.46,2.51,12947142.0
2024-04-03,2.51,2.54,2.5,2.53,13727792.0
2024-04-08,2.51,2.53,2.43,2.43,15887667.0
2024-04-09,2.43,2.49,2.42,2.49,12465250.0
2024-04-10,2.48,2.48,2.4,2.42,12670900.0
2024-04-11,2.39,2.44,2.39,2.41,9574300.0
2024-04-12,2.41,2.42,2.33,2.34,15156900.0
2024-04-15,2.31,2.34,2.19,2.24,25190210.0
2024-04-16,2.2,2.24,2.09,2.11,24146602.0
2024-04-17,2.11,2.2,2.11,2.2,17720303.0
2024-04-18,2.2,2.2,2.15,2.16,17694684.0
2024-04-19,2.16,2.18,2.12,2.15,11696950.0
2024-04-22,2.14,2.2,2.12,2.18,13325205.0
2024-04-23,2.18,2.2,2.16,2.17,9957000.0
2024-04-24,2.17,2.18,2.15,2.17,8950731.0
2024-04-25,2.17,2.21,2.16,2.2,12663542.0
2024-04-26,2.2,2.23,2.18,2.23,14609683.0
2024-04-29,2.23,2.32,2.22,2.32,17557100.0
2024-04-30,2.3,2.35,2.28,2.33,18651953.0
2024-05-06,2.36,2.41,2.36,2.4,20883350.0
2024-05-07,2.41,2.42,2.37,2.4,20565968.0
2024-05-08,2.42,2.57,2.41,2.49,54242562.0
2024-05-09,2.46,2.59,2.43,2.53,41370955.0
2024-05-10,2.5,2.57,2.46,2.48,26852824.0
2024-05-13,2.44,2.46,2.38,2.39,22480255.0
2024-05-14,2.38,2.43,2.37,2.39,13832152.0
2024-05-15,2.4,2.4,2.35,2.35,12648805.0
2024-05-16,2.36,2.4,2.35,2.38,13730011.0
2024-05-17,2.37,2.41,2.35,2.4,16323255.0
2024-05-20,2.39,2.41,2.36,2.37,15840198.0
2024-05-21,2.35,2.37,2.31,2.33,11620526.0
2024-05-22,2.32,2.35,2.3,2.32,12834634.0
2024-05-23,2.31,2.31,2.25,2.27,14474353.0
2024-05-24,2.27,2.3,2.26,2.27,11886998.0
2024-05-27,2.27,2.3,2.23,2.29,12570593.0
2024-05-28,2.29,2.29,2.24,2.25,11079145.0
2024-05-29,2.25,2.26,2.22,2.25,10666006.0
2024-05-30,2.24,2.25,2.21,2.22,10591121.0
2024-05-31,2.24,2.42,2.23,2.35,33733414.0
2024-06-03,2.33,2.34,2.17,2.21,34984382.0
2024-06-04,2.19,2.22,2.15,2.21,13375808.0
2024-06-05,2.2,2.21,2.16,2.16,11545650.0
2024-06-06,2.16,2.18,2.09,2.11,17294678.0
2024-06-07,2.13,2.2,2.13,2.2,14409161.0
2024-06-11,2.19,2.19,2.13,2.14,11529104.0
2024-06-12,2.15,2.17,2.13,2.16,9143533.0
2024-06-13,2.17,2.17,2.11,2.12,11084161.0
2024-06-14,2.12,2.15,2.1,2.14,7865200.0
2024-06-17,2.14,2.25,2.14,2.2,17125903.0
2024-06-18,2.21,2.25,2.16,2.23,12409409.0
2024-06-19,2.23,2.27,2.22,2.24,9357100.0
2024-06-20,2.24,2.26,2.16,2.17,10207800.0
2024-06-21,2.18,2.21,2.14,2.18,7987000.0
2024-06-24,2.17,2.17,2.1,2.12,10427656.0
2024-06-25,2.12,2.15,2.11,2.12,9106744.0
2024-06-26,2.13,2.16,2.1,2.16,9627008.0
2024-06-27,2.15,2.16,2.12,2.13,6400025.0
2024-06-28,2.15,2.16,2.11,2.12,9709500.0
2024-07-01,2.13,2.16,2.11,2.15,9292535.0
2024-07-02,2.15,2.24,2.14,2.22,14582154.0
2024-07-03,2.22,2.23,2.18,2.18,7212650.0
2024-07-04,2.19,2.2,2.12,2.13,9687830.0
2024-07-05,2.12,2.2,2.11,2.19,9697850.0
2024-07-08,2.19,2.21,2.13,2.13,6870090.0
2024-07-09,2.14,2.15,2.07,2.13,13057690.0
2024-07-10,2.13,2.16,2.1,2.12,7739600.0
2024-07-11,2.14,2.19,2.14,2.19,13470022.0
2024-07-12,2.18,2.2,2.17,2.18,8430250.0
2024-07-15,2.18,2.3,2.16,2.27,30046859.0
2024-07-16,2.27,2.46,2.25,2.41,53056824.0
2024-07-17,2.38,2.48,2.36,2.41,35182920.0
2024-07-18,2.4,2.55,2.39,2.54,49754450.0
2024-07-19,2.52,2.7,2.49,2.69,54633651.0
2024-07-22,2.66,2.7,2.56,2.63,47528386.0
2024-07-23,2.64,2.65,2.47,2.48,41502261.0
2024-07-24,2.46,2.61,2.45,2.56,45233450.0
2024-07-25,2.55,2.64,2.49,2.51,19965135.0
2024-07-26,2.52,2.55,2.51,2.55,13972715.0
2024-07-29,2.66,2.66,2.35,2.4,61958492.0
2024-07-30,2.4,2.45,2.36,2.38,24825752.0
2024-07-31,2.44,2.48,2.37,2.46,30768974.0
2024-08-01,2.44,2.53,2.44,2.46,27254866.0
2024-08-02,2.45,2.51,2.42,2.45,29342216.0
2024-08-05,2.44,2.45,2.33,2.35,33843002.0
2024-08-06,2.37,2.43,2.35,2.42,22910241.0
2024-08-07,2.42,2.42,2.38,2.4,12217650.0
2024-08-08,2.4,2.46,2.38,2.44,15055850.0
2024-08-09,2.43,2.44,2.37,2.39,14902700.0
2024-08-12,2.39,2.46,2.39,2.41,17855550.0
2024-08-13,2.41,2.41,2.36,2.4,12190750.0
2024-08-14,2.4,2.4,2.36,2.37,12683050.0
2024-08-15,2.37,2.4,2.35,2.38,10446550.0
2024-08-16,2.39,2.39,2.34,2.35,12265370.0
2024-08-19,2.34,2.36,2.31,2.32,12257550.0
2024-08-20,2.33,2.33,2.25,2.27,11905900.0
2024-08-21,2.27,2.29,2.23,2.24,12298013.0
2024-08-22,2.25,2.25,2.21,2.22,10834514.0
2024-08-23,2.23,2.23,2.18,2.18,9940100.0
2024-08-26,2.19,2.23,2.17,2.21,9906652.0
2024-08-27,2.21,2.24,2.17,2.18,9206647.0
2024-08-28,2.18,2.21,2.15,2.19,9763121.0
2024-08-29,2.19,2.25,2.17,2.24,11230100.0
2024-08-30,2.24,2.28,2.23,2.25,12131150.0
2024-09-02,2.26,2.27,2.21,2.22,14272250.0
2024-09-03,2.23,2.24,2.2,2.23,11895100.0
2024-09-04,2.23,2.26,2.21,2.22,12133850.0
2024-09-05,2.22,2.27,2.21,2.25,12614074.0
2024-09-06,2.24,2.26,2.2,2.21,9936300.0
2024-09-09,2.2,2.25,2.18,2.22,12782946.0
2024-09-10,2.22,2.23,2.16,2.18,12137553.0
2024-09-11,2.18,2.18,2.11,2.13,14862950.0
2024-09-12,2.13,2.18,2.13,2.15,9305900.0
2024-09-13,2.15,2.17,2.13,2.14,7016700.0
2024-09-18,2.14,2.15,2.09,2.12,9463803.0
2024-09-19,2.12,2.17,2.11,2.16,11466225.0
2024-09-20,2.18,2.18,2.13,2.14,9069270.0
2024-09-23,2.15,2.16,2.13,2.15,8507017.0
2024-09-24,2.16,2.23,2.15,2.22,18809252.0
2024-09-25,2.23,2.31,2.22,2.26,24570181.0
2024-09-26,2.27,2.33,2.24,2.33,23062792.0
2024-09-27,2.35,2.45,2.34,2.41,39457002.0
2024-09-30,2.48,2.64,2.45,2.62,73779198.0
2024-10-08,2.88,2.88,2.6,2.71,88830147.0
2024-10-09,2.7,2.7,2.45,2.46,59097676.0
2024-10-10,2.47,2.55,2.41,2.47,37353462.0
2024-10-11,2.47,2.48,2.36,2.38,28361315.0
2024-10-14,2.39,2.5,2.39,2.49,34030453.0
2024-10-15,2.48,2.5,2.41,2.43,22731995.0
2024-10-16,2.41,2.48,2.4,2.45,21333333.0
2024-10-17,2.44,2.48,2.39,2.4,20968234.0
2024-10-18,2.39,2.47,2.39,2.45,25522043.0
2024-10-21,2.46,2.47,2.42,2.44,24022250.0
2024-10-22,2.43,2.5,2.42,2.5,38104238.0
2024-10-23,2.51,2.53,2.48,2.5,28940911.0
2024-10-24,2.5,2.59,2.49,2.54,38529602.0
2024-10-25,2.57,2.7,2.54,2.68,60268698.0
2024-10-28,2.68,2.75,2.65,2.75,51407519.0
2024-10-29,2.76,2.78,2.62,2.64,51083436.0
2024-10-30,2.63,2.68,2.61,2.65,30525100.0
2024-10-31,2.6,2.8,2.6,2.78,67052887.0
2024-11-01,2.78,2.83,2.65,2.7,53126909.0
2024-11-04,2.7,2.75,2.68,2.73,37172717.0
2024-11-05,2.72,2.81,2.71,2.79,39926327.0
2024-11-06,2.81,2.89,2.79,2.84,51804368.0
2024-11-07,2.81,3.06,2.78,3.02,94346434.0
2024-11-08,3.05,3.07,2.94,2.96,64193288.0
2024-11-11,2.96,3.14,2.91,3.11,84765193.0
2024-11-12,3.11,3.19,3.08,3.16,91599224.0
2024-11-13,3.12,3.12,2.99,3.03,66103112.0
2024-11-14,3.05,3.05,2.93,2.93,34761177.0
2024-11-15,2.93,2.94,2.83,2.86,31154852.0
2024-11-18,2.87,2.92,2.8,2.84,30826502.0
2024-11-19,2.84,2.86,2.78,2.86,24092313.0
2024-11-20,2.85,2.92,2.83,2.92,29643204.0
2024-11-21,2.93,2.93,2.85,2.9,20738055.0
2024-11-22,2.89,2.89,2.76,2.78,26112402.0
2024-11-25,2.79,2.82,2.76,2.82,21331905.0
2024-11-26,2.83,2.89,2.81,2.84,25129577.0
2024-11-27,2.82,2.86,2.73,2.86,26173762.0
2024-11-28,2.85,2.93,2.83,2.92,30925517.0
2024-11-29,2.89,2.91,2.82,2.89,34277709.0
2024-12-02,2.89,3.02,2.88,3.0,50776290.0
2024-12-03,2.99,3.0,2.95,2.99,25155602.0
2024-12-04,2.98,3.0,2.91,2.94,23605750.0
2024-12-05,2.93,2.95,2.9,2.95,23090026.0
2024-12-06,2.95,3.09,2.94,3.06,56950963.0
2024-12-09,3.06,3.17,3.0,3.03,48794710.0
2024-12-10,3.08,3.12,2.98,2.99,42916843.0
2024-12-11,2.98,3.09,2.97,3.07,47671077.0
2024-12-12,3.06,3.15,3.04,3.13,59075125.0
2024-12-13,3.11,3.11,2.98,2.99,48880502.0
2024-12-16,2.94,3.04,2.94,2.98,26703450.0
2024-12-17,2.99,3.01,2.81,2.83,43212133.0
2024-12-18,2.86,2.86,2.8,2.84,21494083.0
2024-12-19,2.83,2.85,2.77,2.81,21699950.0
2024-12-20,2.8,2.84,2.77,2.81,25319437.0
2024-12-23,2.81,2.81,2.67,2.69,49537453.0
2024-12-24,2.69,2.77,2.67,2.73,26663817.0
2024-12-25,2.75,2.78,2.67,2.76,27665850.0
2024-12-26,2.75,2.76,2.71,2.73,17939100.0
2024-12-27,2.8,3.0,2.75,2.88,130214374.0
2024-12-30,2.7,2.76,2.59,2.63,98416809.0
2024-12-31,2.63,2.69,2.55,2.55,43051048.0
2025-01-02,2.54,2.59,2.48,2.5,31451043.0
2025-01-03,2.5,2.52,2.42,2.43,27394268.0
2025-01-06,2.45,2.62,2.42,2.54,50176371.0
2025-01-07,2.54,2.54,2.44,2.5,35945408.0
2025-01-08,2.48,2.56,2.46,2.51,31042996.0
2025-01-09,2.49,2.58,2.47,2.53,26086396.0
2025-01-10,2.54,2.54,2.42,2.42,25761900.0
2025-01-13,2.41,2.45,2.35,2.44,15819949.0
2025-01-14,2.45,2.52,2.43,2.51,20068907.0
2025-01-15,2.51,2.52,2.47,2.5,16023001.0
2025-01-16,2.5,2.56,2.48,2.5,21501600.0
2025-01-17,2.49,2.5,2.45,2.47,11533096.0
2025-01-20,2.49,2.52,2.45,2.49,18644215.0
2025-01-21,2.5,2.51,2.44,2.45,15486316.0
2025-01-22,2.45,2.45,2.41,2.42,8533600.0
2025-01-23,2.31,2.4,2.31,2.34,34990853.0
2025-01-24,2.32,2.37,2.25,2.34,28222820.0
2025-01-27,2.35,2.4,2.35,2.37,16549762.0
2025-02-05,2.4,2.44,2.38,2.44,20527102.0
2025-02-06,2.44,2.45,2.37,2.43,19911653.0
2025-02-07,2.42,2.48,2.4,2.46,25701703.0
2025-02-10,2.47,2.55,2.46,2.54,27610218.0
2025-02-11,2.54,2.54,2.47,2.5,17846324.0
2025-02-12,2.5,2.52,2.47,2.5,16282055.0
2025-02-13,2.49,2.52,2.47,2.5,21586905.0
2025-02-14,2.49,2.54,2.48,2.49,17375322.0
2025-02-17,2.49,2.55,2.49,2.52,22180656.0
2025-02-18,2.51,2.53,2.42,2.42,23697103.0
2025-02-19,2.42,2.44,2.4,2.41,15506453.0
2025-02-20,2.41,2.47,2.41,2.44,15708808.0
2025-02-21,2.44,2.45,2.38,2.4,19596203.0
2025-02-24,2.41,2.45,2.39,2.41,19313338.0
2025-02-25,2.41,2.42,2.38,2.39,18044501.0
2025-02-26,2.4,2.43,2.38,2.41,19585460.0
2025-02-27,2.41,2.43,2.35,2.39,21479931.0
2025-02-28,2.39,2.41,2.33,2.35,17987455.0
2025-03-03,2.35,2.39,2.34,2.36,16465465.0
2025-03-04,2.36,2.36,2.32,2.35,12291681.0
2025-03-05,2.35,2.35,2.29,2.32,17148915.0
2025-03-06,2.32,2.34,2.31,2.33,15077821.0
2025-03-07,2.33,2.34,2.29,2.31,14310878.0
2025-03-10,2.32,2.54,2.32,2.48,76999244.0
2025-03-11,2.47,2.48,2.39,2.45,36638645.0
2025-03-12,2.44,2.46,2.41,2.41,28548946.0
2025-03-13,2.41,2.45,2.38,2.42,21884377.0
2025-03-14,2.45,2.47,2.41,2.47,26078506.0
2025-03-17,2.47,2.5,2.45,2.48,30715000.0
2025-03-18,2.48,2.49,2.43,2.45,21837003.0
2025-03-19,2.44,2.46,2.42,2.43,16803400.0
2025-03-20,2.43,2.46,2.42,2.44,16938550.0
2025-03-21,2.45,2.51,2.43,2.45,33580498.0
2025-03-24,2.45,2.47,2.37,2.41,25466600.0
2025-03-25,2.41,2.42,2.38,2.42,12483085.0
2025-03-26,2.4,2.44,2.39,2.42,13804000.0
2025-03-27,2.41,2.46,2.38,2.45,28784434.0
2025-03-28,2.46,2.51,2.43,2.43,35525100.0
2025-03-31,2.41,2.43,2.34,2.37,22828350.0
2025-04-01,2.37,2.47,2.36,2.45,36648105.0
2025-04-02,2.44,2.5,2.42,2.46,30191550.0
2025-04-03,2.44,2.49,2.42,2.48,20653500.0
2025-04-07,2.39,2.4,2.23,2.23,38376561.0
2025-04-08,2.17,2.27,2.16,2.22,27125381.0
2025-04-09,2.21,2.26,2.08,2.26,30951600.0
2025-04-10,2.26,2.31,2.26,2.29,25724376.0
2025-04-11,2.27,2.3,2.26,2.27,16860944.0
2025-04-14,2.29,2.35,2.28,2.32,20029184.0
2025-04-15,2.32,2.33,2.28,2.31,12179995.0
2025-04-16,2.3,2.3,2.22,2.26,18809903.0
2025-04-17,2.26,2.29,2.24,2.27,10182853.0
2025-04-18,2.27,2.3,2.25,2.27,8727450.0
2025-04-21,2.27,2.29,2.25,2.28,8725550.0
2025-04-22,2.28,2.31,2.27,2.29,12742850.0
2025-04-23,2.29,2.31,2.26,2.27,13189474.0
2025-04-24,2.27,2.31,2.26,2.28,18404298.0
2025-04-25,2.29,2.33,2.28,2.3,18237103.0
2025-04-28,2.3,2.31,2.23,2.25,17920187.0
2025-04-29,2.23,2.26,2.23,2.25,9345453.0
2025-04-30,2.24,2.3,2.24,2.27,13629764.0
2025-05-06,2.3,2.31,2.28,2.31,15296576.0
2025-05-07,2.32,2.34,2.31,2.33,17894329.0
2025-05-08,2.34,2.36,2.31,2.33,15543453.0
2025-05-09,2.33,2.35,2.31,2.32,10944661.0
2025-05-12,2.33,2.33,2.29,2.33,12592514.0
2025-05-13,2.34,2.36,2.32,2.33,16471413.0
2025-05-14,2.33,2.35,2.31,2.35,16191996.0
2025-05-15,2.34,2.35,2.32,2.33,11502002.0
2025-05-16,2.33,2.36,2.32,2.35,19195291.0
2025-05-19,2.36,2.39,2.34,2.39,22271837.0
2025-05-20,2.39,2.42,2.37,2.4,17742077.0
2025-05-21,2.4,2.44,2.39,2.41,20844700.0
2025-05-22,2.4,2.4,2.35,2.37,20205608.0
2025-05-23,2.36,2.42,2.36,2.36,27201900.0
2025-05-26,2.36,2.37,2.31,2.34,18263975.0
2025-05-27,2.34,2.57,2.33,2.57,69175729.0
2025-05-28,2.57,2.6,2.48,2.49,120184373.0
2025-05-29,2.49,2.55,2.45,2.52,65367503.0
2025-05-30,2.53,2.76,2.53,2.61,136253345.0
2025-06-03,2.56,2.67,2.55,2.66,87829123.0
2025-06-04,2.64,2.66,2.58,2.63,52722101.0
2025-06-05,2.63,2.64,2.54,2.56,43240805.0
2025-06-06,2.56,2.59,2.54,2.56,29614132.0
2025-06-09,2.48,2.59,2.42,2.55,60161845.0
2025-06-10,2.56,2.7,2.55,2.59,71653593.0
2025-06-11,2.6,2.75,2.58,2.6,53415158.0
2025-06-12,2.59,2.64,2.56,2.57,41991954.0
2025-06-13,2.56,2.59,2.49,2.51,38783684.0
2025-06-16,2.51,2.55,2.48,2.53,22295848.0
2025-06-17,2.53,2.59,2.5,2.53,32673603.0
2025-06-18,2.51,2.52,2.44,2.45,31590008.0
2025-06-19,2.45,2.45,2.36,2.38,29819600.0
2025-06-20,2.38,2.4,2.36,2.37,16692200.0
2025-06-23,2.36,2.4,2.33,2.4,18867400.0
2025-06-24,2.39,2.43,2.38,2.42,22969800.0
2025-06-25,2.43,2.44,2.38,2.44,27058100.0
2025-06-26,2.44,2.44,2.39,2.4,22823850.0
2025-06-27,2.41,2.45,2.4,2.42,25130950.0
2025-06-30,2.43,2.43,2.4,2.42,15425070.0
2025-07-01,2.42,2.47,2.41,2.47,28011803.0
2025-07-02,2.59,2.72,2.57,2.72,132392860.0
2025-07-03,2.7,2.84,2.62,2.73,211546392.0
2025-07-04,2.8,2.85,2.67,2.67,122058101.0
2025-07-07,2.66,2.73,2.65,2.67,80925206.0
2025-07-08,2.66,2.73,2.62,2.66,63734400.0
2025-07-09,2.65,2.66,2.61,2.63,47275715.0
2025-07-10,2.61,2.7,2.61,2.65,53821682.0
2025-07-11,2.66,2.72,2.64,2.66,48335503.0
2025-07-14,2.66,2.69,2.62,2.67,44321235.0
2025-07-15,2.66,2.67,2.57,2.61,41977200.0
2025-07-16,2.6,2.65,2.59,2.64,31466475.0
2025-07-17,2.64,2.74,2.62,2.72,62266631.0
2025-07-18,2.72,2.73,2.66,2.69,42984638.0
2025-07-21,2.71,2.74,2.69,2.74,48433441.0
2025-07-22,2.73,2.74,2.68,2.7,39483780.0
2025-07-23,2.7,2.72,2.67,2.69,36668083.0
2025-07-24,2.7,2.78,2.69,2.76,58161456.0
2025-07-25,2.76,2.78,2.72,2.74,44336050.0
2025-07-28,2.74,2.8,2.73,2.75,45372450.0
2025-07-29,2.75,2.77,2.7,2.75,40128370.0
2025-07-30,2.75,2.83,2.74,2.78,65707700.0
2025-07-31,2.79,2.81,2.74,2.75,45374033.0
2025-08-01,2.75,2.9,2.75,2.8,85605287.0
2025-08-04,2.8,2.83,2.71,2.78,59519393.0
2025-08-05,2.77,2.89,2.77,2.8,57784900.0
2025-08-06,2.81,2.87,2.72,2.75,59605803.0
2025-08-07,2.73,2.75,2.68,2.69,48093827.0
2025-08-08,2.69,2.73,2.67,2.71,38561772.0
2025-08-11,2.7,2.74,2.68,2.72,33321761.0
2025-08-12,2.72,2.83,2.72,2.73,54671642.0
2025-08-13,2.73,2.75,2.68,2.71,38463728.0
2025-08-14,2.71,2.72,2.64,2.65,40639260.0
2025-08-15,2.65,2.68,2.63,2.66,32943358.0
2025-08-18,2.67,2.71,2.66,2.69,37959660.0
2025-08-19,2.7,2.74,2.68,2.72,43598900.0
2025-08-20,2.71,2.73,2.68,2.73,37020353.0
2025-08-21,2.73,2.75,2.7,2.72,33535850.0
2025-08-22,2.72,2.73,2.67,2.69,39500488.0
2025-08-25,2.7,2.86,2.68,2.76,89374292.0
2025-08-26,2.76,2.77,2.72,2.76,43309925.0
2025-08-27,2.75,2.77,2.63,2.64,62281290.0
2025-08-28,2.64,2.66,2.51,2.61,59704442.0
2025-08-29,2.6,2.61,2.58,2.58,24832148.0
2025-09-01,2.58,2.64,2.55,2.63,28116797.0
2025-09-02,2.63,2.68,2.58,2.61,37519053.0
2025-09-03,2.61,2.63,2.54,2.54,24989300.0
2025-09-04,2.54,2.59,2.52,2.56,28428315.0
2025-09-05,2.55,2.57,2.51,2.57,26143179.0
2025-09-08,2.58,2.61,2.57,2.61,25414560.0
2025-09-09,2.6,2.62,2.57,2.59,20450108.0
2025-09-10,2.6,2.63,2.57,2.62,33773925.0
2025-09-11,2.61,2.61,2.56,2.6,26916386.0
2025-09-12,2.6,2.67,2.59,2.66,48737573.0
2025-09-15,2.67,2.69,2.63,2.67,36072802.0
2025-09-16,2.67,2.72,2.65,2.72,47261322.0
2025-09-17,2.72,2.73,2.67,2.7,37961112.0
2025-09-18,2.7,2.75,2.66,2.7,57356374.0
2025-09-19,2.69,2.7,2.59,2.6,46517973.0
2025-09-22,2.63,2.64,2.56,2.58,24153184.0
2025-09-23,2.58,2.59,2.46,2.5,38549124.0
2025-09-24,2.49,2.53,2.47,2.53,19323290.0
2025-09-25,2.53,2.53,2.48,2.48,18325740.0
2025-09-26,2.48,2.49,2.44,2.48,14849420.0
2025-09-29,2.47,2.49,2.42,2.48,16147555.0
2025-09-30,2.48,2.5,2.46,2.49,14138153.0
2025-10-09,2.49,2.51,2.48,2.51,17289252.0
2025-10-10,2.52,2.53,2.49,2.52,18778353.0
2025-10-13,2.48,2.5,2.43,2.48,22895482.0
2025-10-14,2.49,2.51,2.47,2.48,18509899.0
2025-10-15,2.48,2.52,2.48,2.51,17177550.0
2025-10-16,2.5,2.52,2.48,2.49,15815126.0
2025-10-17,2.48,2.52,2.47,2.48,25795353.0
2025-10-20,2.48,2.5,2.46,2.49,16371796.0
2025-10-21,2.5,2.55,2.49,2.55,34974425.0
2025-10-22,2.55,2.58,2.53,2.56,28528165.0
2025-10-23,2.57,2.6,2.54,2.58,26935788.0
2025-10-24,2.58,2.59,2.52,2.53,23222625.0
2025-10-27,2.54,2.54,2.5,2.53,18614051.0
2025-10-28,2.52,2.54,2.51,2.53,13318700.0
2025-10-29,2.53,2.53,2.5,2.52,13798830.0
2025-10-30,2.52,2.52,2.47,2.49,20847353.0
2025-10-31,2.49,2.53,2.48,2.52,19736500.0
2025-11-03,2.53,2.57,2.52,2.56,31330419.0
2025-11-04,2.55,2.56,2.53,2.55,17308202.0
2025-11-05,2.53,2.59,2.53,2.58,31016900.0
2025-11-06,2.58,2.58,2.53,2.55,27352551.0
2025-11-07,2.54,2.57,2.54,2.56,22821008.0
2025-11-10,2.57,2.61,2.56,2.61,33993903.0
2025-11-11,2.6,2.67,2.58,2.66,49288911.0
2025-11-12,2.66,2.7,2.66,2.69,57479648.0
2025-11-13,2.69,2.7,2.65,2.7,38671145.0
2025-11-14,2.69,2.77,2.68,2.73,56698563.0
2025-11-17,2.74,2.75,2.69,2.71,40721324.0
2025-11-18,2.7,2.74,2.64,2.66,36276533.0
2025-11-19,2.66,2.66,2.58,2.6,25606246.0
2025-11-20,2.6,2.62,2.57,2.59,22076250.0
2025-11-21,2.58,2.61,2.45,2.46,41092350.0
2025-11-24,2.48,2.52,2.47,2.49,28839882.0
2025-11-25,2.5,2.57,2.47,2.55,29716210.0
2025-11-26,2.55,2.81,2.54,2.81,93247597.0
2025-11-27,2.96,3.09,2.88,3.09,411230184.0
2025-11-28,3.05,3.4,2.98,3.4,410666452.0
2025-12-01,3.4,3.74,3.3,3.74,534276961.0
2025-12-02,3.8,4.11,3.8,4.11,230532860.0
2025-12-03,4.2,4.52,4.18,4.52,182542274.0
2025-12-04,4.97,4.97,4.54,4.81,760266443.0
2025-12-05,4.82,5.29,4.82,5.29,597502686.0
2025-12-08,5.64,5.7,4.9,5.14,764323325.0
2025-12-09,4.81,4.91,4.63,4.63,341732038.0
2025-12-10,4.18,4.99,4.18,4.83,546035498.0
2025-12-11,4.58,4.82,4.35,4.42,415466345.0
2025-12-12,4.41,4.46,4.04,4.09,340248390.0
2025-12-15,4.09,4.21,3.9,4.12,317943757.0
2025-12-16,4.12,4.33,4.03,4.25,321860853.0
2025-12-17,4.18,4.43,4.1,4.12,316513642.0
2025-12-18,4.01,4.38,4.01,4.32,372637453.0
2025-12-19,4.23,4.31,4.12,4.23,262026160.0
2025-12-22,4.18,4.31,4.06,4.1,292405218.0
2025-12-23,4.03,4.03,3.69,3.72,370878360.0
2025-12-24,3.67,3.74,3.62,3.7,225187782.0
2025-12-25,3.71,3.74,3.62,3.65,180492103.0
2025-12-26,3.65,3.67,3.56,3.6,194798489.0
2025-12-29,3.62,3.63,3.49,3.52,174448499.0
2025-12-30,3.55,3.56,3.45,3.48,142901881.0
2025-12-31,3.5,3.51,3.41,3.46,117331844.0
2026-01-05,3.46,3.55,3.46,3.55,151106708.0
2026-01-06,3.57,3.64,3.54,3.58,170468123.0
2026-01-07,3.58,3.7,3.55,3.63,186365582.0
2026-01-08,3.62,3.73,3.59,3.7,187093588.0
2026-01-09,3.66,3.7,3.6,3.68,159890203.0
2026-01-12,3.67,3.72,3.66,3.71,166668025.0
2026-01-13,3.73,4.08,3.63,4.08,279003068.0
2026-01-14,4.15,4.49,4.09,4.49,707231177.0
2026-01-15,4.49,4.83,4.15,4.16,538392247.0
2026-01-16,4.2,4.26,3.74,3.74,359957149.0
2026-01-19,3.68,3.7,3.55,3.61,224041198.0
2026-01-20,3.65,3.7,3.55,3.58,170759606.0
2026-01-21,3.55,3.61,3.47,3.56,114398615.0
2026-01-22,3.54,3.63,3.51,3.63,112491360.0
2026-01-23,3.68,3.88,3.67,3.82,214562603.0
2026-01-26,3.86,4.2,3.74,4.2,284081932.0
2026-01-27,4.32,4.5,4.09,4.15,509127824.0
2026-01-28,4.1,4.2,3.95,3.96,308153685.0
2026-01-29,3.92,3.94,3.8,3.8,200250083.0
2026-01-30,3.8,3.9,3.66,3.69,160719902.0
2026-02-02,3.69,3.75,3.6,3.6,117534752.0
2026-02-03,3.63,3.76,3.61,3.76,131895939.0
2026-02-04,3.73,3.8,3.68,3.79,123908154.0
2026-02-05,3.73,3.8,3.66,3.69,93473793.0
2026-02-06,3.74,3.9,3.74,3.8,178572851.0
2026-02-09,3.73,3.86,3.73,3.82,148852503.0
2026-02-10,3.79,3.81,3.71,3.73,104343437.0
2026-02-11,3.7,3.72,3.6,3.61,96100680.0
2026-02-12,3.62,3.63,3.47,3.47,107100365.0
2026-02-13,3.47,3.51,3.45,3.45,58552600.0
2026-02-24,3.48,3.53,3.48,3.51,66081157.0
2026-02-25,3.53,3.65,3.52,3.62,88343664.0
2026-02-26,3.6,3.62,3.48,3.5,90472035.0
2026-02-27,3.48,3.52,3.46,3.52,49962377.0
2026-03-02,3.44,3.45,3.3,3.36,101044336.0
2026-03-03,3.35,3.39,3.22,3.23,81785919.0
2026-03-04,3.17,3.25,3.14,3.21,48520934.0
2026-03-05,3.25,3.32,3.24,3.28,62016998.0
2026-03-06,3.26,3.37,3.24,3.36,56691857.0
2026-03-09,3.31,3.34,3.26,3.31,53659304.0
2026-03-10,3.33,3.35,3.3,3.32,45559100.0
2026-03-11,3.3,3.32,3.27,3.29,48258231.0
2026-03-12,3.28,3.31,3.26,3.27,36794650.0
2026-03-13,3.27,3.3,3.23,3.25,45879510.0
2026-03-16,3.27,3.34,3.25,3.29,55881345.0
2026-03-17,3.3,3.34,3.24,3.25,76014976.0
2026-03-18,3.23,3.25,3.17,3.21,49366325.0
2026-03-19,3.17,3.2,3.09,3.11,57025853.0
2026-03-20,3.11,3.13,3.04,3.05,45318547.0
2026-03-23,2.98,3.03,2.86,2.89,67556062.0
2026-03-24,2.96,3.05,2.93,3.05,88709236.0
2026-03-25,3.06,3.1,3.01,3.09,50885880.0
2026-03-26,3.06,3.13,3.02,3.04,41803874.0
2026-03-27,3.0,3.16,2.98,3.15,62733794.0
2026-03-30,3.12,3.2,3.1,3.2,60825853.0
2026-03-31,3.16,3.24,3.13,3.14,58901350.0
2026-04-01,3.17,3.45,3.08,3.45,123533905.0
2026-04-02,3.79,3.79,3.46,3.61,434673311.0
2026-04-03,3.49,3.76,3.39,3.58,328964546.0
2026-04-07,3.45,3.7,3.22,3.7,339599137.0
2026-04-08,3.67,3.67,3.44,3.49,273172918.0
2026-04-09,3.46,3.84,3.41,3.84,305134789.0
2026-04-10,3.71,3.88,3.66,3.77,420750134.0
2026-04-13,3.69,3.72,3.57,3.62,224839799.0
2026-04-14,3.62,3.71,3.47,3.66,252430800.0
2026-04-15,3.68,4.03,3.61,4.02,470161551.0
2026-04-16,3.86,3.94,3.78,3.91,308857167.0
2026-04-17,3.83,3.9,3.75,3.77,183482495.0
2026-04-20,3.73,3.9,3.67,3.9,201548590.0
2026-04-21,3.82,3.91,3.7,3.72,171051098.0
2026-04-22,3.68,3.7,3.49,3.55,168889304.0
2026-04-23,3.52,3.52,3.32,3.33,174242925.0
2026-04-24,3.31,3.43,3.28,3.35,104812126.0
2026-04-27,3.3,3.31,3.15,3.19,104163783.0
2026-04-28,3.22,3.44,3.2,3.27,108150934.0
2026-04-29,3.17,3.23,3.15,3.18,93706113.0
2026-05-06,3.02,3.02,3.02,3.02,1132900.0
2026-05-07,2.87,2.87,2.87,2.87,1628400.0
2026-05-08,2.73,2.73,2.73,2.73,2485200.0
2026-05-11,2.59,2.59,2.59,2.59,2773900.0
2026-05-12,2.46,2.46,2.46,2.46,2476100.0
2026-05-13,2.34,2.34,2.34,2.34,2633300.0
2026-05-14,2.22,2.22,2.22,2.22,2235300.0
2026-05-15,2.11,2.11,2.11,2.11,2190900.0
2026-05-18,2.0,2.0,2.0,2.0,2150100.0
2026-05-19,1.9,1.9,1.9,1.9,1731600.0
2026-05-20,1.81,1.9,1.81,1.81,302029311.0
2026-05-21,1.72,1.75,1.72,1.72,107461412.0
2026-05-22,1.63,1.65,1.63,1.63,46478500.0
2026-05-25,1.56,1.7,1.55,1.63,199286184.0
2026-05-26,1.59,1.6,1.55,1.55,116834898.0
2026-05-27,1.51,1.57,1.47,1.52,155260377.0
2026-05-28,1.51,1.6,1.49,1.6,131240826.0
2026-05-29,1.6,1.68,1.59,1.68,132534666.0
2026-06-01,1.75,1.76,1.7,1.76,95789723.0
2026-06-02,1.85,1.85,1.83,1.85,26426351.0
2026-06-03,1.94,1.94,1.76,1.78,237388433.0
2026-06-04,1.74,1.76,1.69,1.69,108590476.0
2026-06-05,1.69,1.77,1.64,1.77,138536799.0
2026-06-08,1.68,1.75,1.68,1.68,118670780.0
2026-06-09,1.69,1.71,1.6,1.61,83209950.0
2026-06-10,1.61,1.61,1.53,1.53,74272450.0
2026-06-11,1.51,1.61,1.51,1.61,99933020.0
2026-06-12,1.63,1.64,1.55,1.58,91598627.0
2026-06-15,1.56,1.66,1.56,1.61,75078829.0
2026-06-16,1.6,1.62,1.55,1.59,74762080.0
2026-06-17,1.58,1.62,1.55,1.55,74465710.0
2026-06-18,1.51,1.53,1.47,1.47,85293711.0
2026-06-22,1.45,1.49,1.4,1.45,73468786.0
2026-06-23,1.42,1.51,1.41,1.48,72171436.0
2026-06-24,1.49,1.51,1.43,1.44,65201259.0
2026-06-25,1.41,1.42,1.37,1.37,79522447.0
2026-06-26,1.39,1.44,1.36,1.39,73032724.0
2026-06-29,1.36,1.37,1.32,1.34,77912453.0
2026-06-30,1.31,1.34,1.27,1.29,78607725.0
2026-07-01,1.29,1.35,1.29,1.35,60055410.0
2026-07-02,1.39,1.42,1.36,1.42,34555022.0
2026-07-03,1.49,1.49,1.43,1.49,62872507.0
2026-07-06,1.5,1.64,1.46,1.64,145017794.0
2026-07-07,1.66,1.8,1.65,1.8,213318301.0
2026-07-08,1.81,1.98,1.81,1.98,117148365.0
2026-07-09,2.18,2.18,1.79,1.86,345152129.0
2026-07-10,1.76,1.96,1.68,1.89,247020755.0
2026-07-13,1.83,2.08,1.8,2.08,246472517.0
2026-07-14,2.13,2.29,2.01,2.29,344800835.0
2026-07-15,2.06,2.3,2.06,2.1,302551258.0
2026-07-16,2.04,2.25,1.96,2.17,249424107.0
2026-07-17,2.11,2.23,1.95,1.95,229106347.0
2026-07-20,1.85,1.91,1.76,1.76,148444299.0
2026-07-21,1.69,1.7,1.58,1.58,193875463.0
2026-07-22,1.57,1.73,1.56,1.68,164964443.0
2026-07-23,1.63,1.66,1.55,1.62,131807700.0
2026-07-24,1.58,1.63,1.53,1.53,99308210.0
2026-07-27,1.53,1.62,1.52,1.59,900397.0
2026-07-28,1.59,1.72,1.58,1.67,1205853.0
2026-07-29,1.66,1.7,1.62,1.67,959291.0
